Johnny 0430123123 23 4 2001 4321432143214321 123
Bobby 0430123123 23 4 2001 4321432143214321 123
Robby 0430123123 23 4 2001 4321432143214321 123
Mike 0430123123 23 4 2001 4321432143214321 123
Josh 0430123123 23 4 2001 4321432143214321 123
Dugan 0430123123 23 4 2001 4321432143214321 123
Omar 0430123123 23 4 2001 4321432143214321 123
Alex 0430123123 23 4 2001 4321432143214321 123
Tony 0430123123 23 4 2001 4321432143214321 123
Jordan 0430123123 23 4 2001 4321432143214321 123
Austin 0430123123 23 4 2001 4321432143214321 123
Lee 0430123123 23 4 2001 4321432143214321 123
